
 programa por: Guillermo Santiago Novoa Perez


 		 Numero de condicion :         10 
 		 Tolerancia : 1.00e-09

 
  k                f_k              ||gradf_k||          alfa_k         

 
   1           -7.17207407         1.21251094e+00      1.53288355e+00       
   2           -8.69908722         9.78230311e-01      2.07731063e+00       
   4           -9.94503894         6.24310113e-01      2.08787082e+00       
  30          -10.87399157         3.01868598e-03      2.09137622e+00       
 
 k_final         f_final            ||gradf||               

  103         -10.87401336         8.40071017e-10            
 
 X_final :  

	   8.640443e-01 
	  -1.023513e+00 
	   1.934056e+00 
	  -2.231895e+00 
	   2.802614e+00 
	   6.309898e+00 
	  -2.124844e+00 
	  -2.835219e+00 
	  -5.586938e+00 
	   2.588986e+00 
 

 		 Numero de condicion :        100 
 		 Tolerancia : 1.00e-09 

 
  k                f_k              ||gradf_k||          alfa_k         

 
   1          -10.08569266         1.93753491e+00      2.06428843e+00       
   2          -13.54605113         1.61806664e+00      1.84353765e+00       
   3          -16.05932613         1.46854916e+00      1.91989377e+00       
   4          -18.11167677         1.34150308e+00      1.90328830e+00       
   6          -21.44737708         1.20096342e+00      1.93113227e+00       
   8          -24.20073650         1.11523036e+00      1.94522338e+00       
  10          -26.61040189         1.05451100e+00      1.95220712e+00       
  13          -29.79211333         9.94915850e-01      2.00059765e+00       
  17          -33.43412508         9.15449962e-01      2.00216804e+00       
  22          -37.22450562         8.18541111e-01      1.95827141e+00       
  28          -40.87467150         7.25894218e-01      1.95831822e+00       
  37          -44.94244466         6.13105227e-01      2.00256729e+00       
  51          -48.96730080         4.63353995e-01      2.00256742e+00       
  86          -53.00624650         2.27513150e-01      1.95832285e+00       
 604          -54.32784252         7.19437063e-06      1.95832286e+00       
 
 k_final         f_final            ||gradf||               

 1048         -54.32784252         9.99618777e-10            
 
 X_final :  

	   1.927077e+01 
	  -2.156867e+01 
	   3.864712e-01 
	  -3.454558e+01 
	   2.495555e+01 
	   4.490351e+01 
	  -1.593364e+01 
	  -2.047140e+01 
	  -3.829155e+01 
	   3.827487e+01 
 

 		 Numero de condicion :       1000 
 		 Tolerancia : 1.00e-09 

 
  k                f_k              ||gradf_k||          alfa_k         

 
   1          -12.96389321         2.56445044e+00      2.59542696e+00       
   2          -18.11054978         1.85186254e+00      1.56518820e+00       
   3          -22.38115214         2.16025505e+00      2.49058654e+00       
   4          -26.10156626         1.63217876e+00      1.59445117e+00       
   5          -29.46574416         1.96030824e+00      2.52565198e+00       
   6          -32.54743489         1.50156466e+00      1.60387425e+00       
   8          -38.09800170         1.40966519e+00      1.60906507e+00       
  10          -43.04257079         1.34042980e+00      1.61257612e+00       
  12          -47.54799860         1.28653218e+00      1.61522808e+00       
  15          -53.71265412         1.54524661e+00      2.57134619e+00       
  18          -59.37044936         1.18225199e+00      1.62048793e+00       
  22          -66.38432025         1.14168707e+00      1.62256862e+00       
  26          -72.99046040         1.11392142e+00      1.62389967e+00       
  31          -80.86718782         1.37522049e+00      2.58810159e+00       
  36          -88.44674137         1.07179779e+00      1.62539286e+00       
  42          -97.24925004         1.05461816e+00      1.62569975e+00       
  49         -107.18941174         1.30943724e+00      2.59058545e+00       
  56         -116.81780755         1.02144389e+00      1.62591308e+00       
  64         -127.46886732         1.00405192e+00      1.62593861e+00       
  73         -139.02480308         1.24344440e+00      2.59082685e+00       
  83         -151.35857916         1.21743400e+00      2.59083431e+00       
  94         -164.33720167         9.42305863e-01      1.62595167e+00       
 106         -177.82486152         9.18736104e-01      1.62595186e+00       
 119         -191.68567650         1.12833985e+00      2.59083694e+00       
 134         -206.76172264         8.66011132e-01      1.62595190e+00       
 150         -221.82463746         8.37252718e-01      1.62595190e+00       
 168         -237.59770979         8.06039452e-01      1.62595190e+00       
 188         -253.77345863         7.72720919e-01      1.62595190e+00       
 210         -270.05830040         7.37659054e-01      1.62595190e+00       
 234         -286.18087590         7.01221659e-01      1.62595190e+00       
 261         -302.46954185         8.36124822e-01      2.59083696e+00       
 290         -318.01565045         6.23047502e-01      1.62595190e+00       
 323         -333.53892504         7.33562066e-01      2.59083696e+00       
 359         -348.18049371         6.79886366e-01      2.59083696e+00       
 400         -362.35828540         4.93953648e-01      1.62595190e+00       
 446         -375.60083100         4.48248505e-01      1.62595190e+00       
 497         -387.56884288         5.08082561e-01      2.59083696e+00       
 555         -398.38834764         4.49538367e-01      2.59083696e+00       
 622         -407.99631179         3.09159724e-01      1.62595190e+00       
 700         -416.24236074         2.62229626e-01      1.62595190e+00       
 791         -422.98733830         2.73168071e-01      2.59083696e+00       
 901         -428.33675787         2.16568343e-01      2.59083696e+00       
1037         -432.29044690         1.62527290e-01      2.59083696e+00       
1212         -434.95299109         8.89899254e-02      1.62595190e+00       
1450         -436.49657468         5.38481333e-02      1.62595190e+00       
1802         -437.18647206         2.56152604e-02      1.62595190e+00       
2377         -437.37043307         9.60667553e-03      2.59083696e+00       
3397         -437.38800333         1.11572720e-03      2.59083696e+00       
5261         -437.38824348         2.18204529e-05      2.59083704e+00       
8678         -437.38824357         1.27464427e-08      1.62588527e+00       
 
 k_final         f_final            ||gradf||               

 9884        -437.38824357         9.99017400e-10            
 
 X_final :  

	   2.062850e+02 
	  -2.410715e+02 
	  -2.180728e+01 
	  -3.796073e+02 
	   2.524199e+02 
	   3.996290e+02 
	  -1.390389e+02 
	  -1.690594e+02 
	  -3.522509e+02 
	   4.138796e+02 
 

 		 Numero de condicion :         10 
 		 Tolerancia : 1.00e-09 

 		 CASO X* CONOCIDA (X* = e) 

 
  k                f_k              ||gradf_k||          alfa_k         

 
   1           -3.21324298         6.53126299e-01      1.36262368e+00       
   4           -3.53402411         6.71889502e-02      1.64435431e+00       
 
 k_final         f_final            ||gradf||               

   94          -3.54637989         8.90270152e-10            
 
 X_final :  

	   1.000000e+00 
	   1.000000e+00 
	   1.000000e+00 
	   1.000000e+00 
	   1.000000e+00 
	   1.000000e+00 
	   1.000000e+00 
	   1.000000e+00 
	   1.000000e+00 
	   1.000000e+00 
 

 		 Numero de condicion :       1000 
 		 Tolerancia : 1.00e-09 

 		 CASO X* CONOCIDA (X* = e) 

 
  k                f_k              ||gradf_k||          alfa_k         

 
   1           -1.31156734         8.35181080e-01      1.43961800e+00       
   2           -1.85578978         4.57677983e-01      1.56043306e+00       
   4           -2.09688400         2.01623280e-01      1.71205634e+00       
 401           -2.18025168         5.57734593e-04      1.97536117e+00       
3443           -2.18033042         1.27008043e-06      1.97536117e+00       
 
 k_final         f_final            ||gradf||               

 7017          -2.18033042         9.97894814e-10            
 
 X_final :  

	   9.999998e-01 
	   1.000000e+00 
	   1.000000e+00 
	   1.000000e+00 
	   9.999998e-01 
	   9.999997e-01 
	   1.000000e+00 
	   1.000000e+00 
	   1.000000e+00 
	   9.999997e-01 
