
|     n    |    tiempo(GC)       iter(GC)    |    tiempo(C)       iter(C)    |  tiempo_pcg   iter_pcg  | tiempo_pcg(iC)   iter_pcg(iC) | tiempo_pcg(miC) iter_pcg(miC) |  tiempo_GC(iC)   iter_GC(iC)  | tiempo_GC(miC)   iter_GC(miC) |     
|     100  |   8.40429000e-03            15  |   5.80678700e-03           1  |   5.88609000e-02    15  |   1.57425610e-02          12  |   3.35466700e-03           1  |   3.57560900e-03          12  |   2.27737200e-03          14  |
|     400  |   9.20727000e-04            36  |   3.47653000e-04           1  |   3.03365000e-03    36  |   3.80842400e-03          18  |   6.70900000e-04           1  |   1.24617600e-03          19  |   1.28711700e-03          22  |
|     900  |   2.08567700e-03            55  |   1.23279200e-03           1  |   5.78930600e-03    55  |   4.42984300e-03          25  |   6.98584000e-04           1  |   2.35159300e-03          27  |   2.45612700e-03          29  |
|    1600  |   2.74380100e-03            72  |   1.00174786e-01           1  |   1.07207734e-01    72  |   6.93237900e-03          32  |   8.23529000e-04           1  |   4.33744900e-03          34  |   4.65067900e-03          36  |
|    2500  |   4.71927300e-03            88  |   7.36928300e-03           1  |   1.81481700e-02    88  |   1.09058670e-02          39  |   9.81300000e-04           1  |   7.65880400e-03          41  |   7.56611100e-03          41  |
|    3600  |   8.95925500e-03           105  |   1.30338240e-02           1  |   3.49184150e-02   105  |   1.88977960e-02          46  |   1.31900700e-03           1  |   2.34682400e-02          47  |   1.22286590e-02          46  |
|    4900  |   1.02734810e-02           121  |   2.14696860e-02           1  |   4.45768190e-02   121  |   2.43623840e-02          53  |   1.48318200e-03           1  |   1.95175610e-02          54  |   1.91516670e-02          51  |
|    6400  |   1.59588490e-02           138  |   3.16122240e-02           1  |   6.02953980e-02   138  |   3.46520820e-02          59  |   1.66147600e-03           1  |   3.66053730e-02          61  |   2.61184550e-02          55  |
|    8100  |   2.08165250e-02           155  |   4.90282360e-02           1  |   8.57558190e-02   155  |   5.60276180e-02          66  |   1.91981800e-03           1  |   3.86931270e-02          67  |   3.60941440e-02          60  |
|   10000  |   2.60481890e-02           172  |   7.56007710e-02           1  |   1.26088597e-01   172  |   6.00696470e-02          71  |   2.18075600e-03           1  |   6.19341730e-02          74  |   4.75597540e-02          65  |
|   12100  |   4.55332650e-02           188  |   8.49119490e-02           1  |   1.56365392e-01   188  |   7.52638010e-02          77  |   2.54473600e-03           1  |   7.00156310e-02          80  |   6.82094710e-02          68  |
|   14400  |   4.05444300e-02           205  |   1.05641585e-01           1  |   1.83064394e-01   205  |   9.59117220e-02          83  |   3.67090000e-03           1  |   9.87127930e-02          87  |   7.67938180e-02          72  |
|   16900  |   1.18032066e-01           221  |   1.34577061e-01           1  |   2.46051717e-01   221  |   1.34720422e-01          89  |   3.82624700e-03           1  |   1.20048807e-01          93  |   9.71493360e-02          76  |
|   19600  |   8.00774010e-02           238  |   1.66987477e-01           1  |   3.06221163e-01   238  |   1.71636293e-01          95  |   9.37270600e-03           1  |   1.54152497e-01          99  |   1.29199526e-01          80  |
|   22500  |   9.49866850e-02           254  |   2.13485832e-01           1  |   3.68012083e-01   254  |   1.93145183e-01         100  |   8.04278600e-03           1  |   1.91736970e-01         105  |   1.47010402e-01          83  |
|   25600  |   1.18647139e-01           271  |   3.20109053e-01           1  |   4.86201638e-01   271  |   2.31098549e-01         105  |   9.14986500e-03           1  |   2.37804509e-01         111  |   1.75510056e-01          86  |
|   28900  |   1.41706404e-01           287  |   3.20995992e-01           1  |   5.45746548e-01   287  |   2.44441697e-01         102  |   9.58331800e-03           1  |   2.82296910e-01         116  |   2.10392640e-01          89  |
|   32400  |   1.63502264e-01           304  |   4.23009440e-01           1  |   6.79344454e-01   304  |   3.00722620e-01         107  |   1.22321990e-02           1  |   3.26969852e-01         121  |   2.43112603e-01          92  |
|   36100  |   1.92807707e-01           320  |   4.54086509e-01           1  |   7.46716814e-01   320  |   3.69342208e-01         113  |   1.23682590e-02           1  |   3.77086225e-01         127  |   2.90313010e-01          96  |
|   40000  |   2.47963860e-01           336  |   5.12979302e-01           1  |   9.02203227e-01   336  |   4.20059601e-01         118  |   2.21236880e-02           1  |   4.36894265e-01         133  |   3.35826885e-01          99  |
|   44100  |   3.19918268e-01           353  |   6.11610877e-01           1  |   1.04935808e+00   353  |   4.82708470e-01         124  |   1.60456710e-02           1  |   4.99113832e-01         138  |   4.32068292e-01         101  |
|   48400  |   3.71905629e-01           369  |   7.04301158e-01           1  |   1.18469091e+00   369  |   5.43528604e-01         129  |   1.90965910e-02           1  |   6.68412619e-01         143  |   5.24054086e-01         105  |
|   52900  |   3.56547519e-01           385  |   8.23217369e-01           1  |   1.37759583e+00   385  |   8.69351965e-01         134  |   2.11919870e-02           1  |   9.49280268e-01         148  |   6.55092405e-01         107  |
|   57600  |   4.83203885e-01           402  |   1.10792456e+00           1  |   1.71647883e+00   402  |   6.69620181e-01         136  |   2.50150680e-02           1  |   7.35799998e-01         154  |   5.90331539e-01         110  |
|   62500  |   5.02401210e-01           418  |   1.31340303e+00           1  |   1.99809113e+00   418  |   7.82064637e-01         140  |   2.25983250e-02           1  |   8.58150294e-01         160  |   6.95651298e-01         113  |
|   67600  |   7.84837868e-01           434  |   1.55038308e+00           1  |   2.38560129e+00   434  |   8.37697863e-01         145  |   1.65701340e-02           1  |   1.19553638e+00         166  |   6.47466471e-01         116  |
|   72900  |   6.84719239e-01           450  |   1.58590919e+00           1  |   2.44999536e+00   450  |   9.18232480e-01         150  |   1.65797230e-02           1  |   1.25800600e+00         172  |   8.20556951e-01         118  |
|   78400  |   6.91539751e-01           466  |   1.80257034e+00           1  |   2.57154351e+00   466  |   1.04187081e+00         155  |   1.73571260e-02           1  |   1.36077197e+00         178  |   8.74191685e-01         120  |
|   84100  |   7.65118533e-01           483  |   2.07299831e+00           1  |   3.02991316e+00   483  |   1.36731215e+00         160  |   2.31119310e-02           1  |   1.89156888e+00         184  |   1.15515050e+00         123  |
|   90000  |   1.03063547e+00           498  |   3.11728476e+00           1  |   4.07209626e+00   498  |   1.24420838e+00         166  |   1.94771560e-02           1  |   1.68958686e+00         189  |   1.01651638e+00         125  |
|   96100  |   8.76938307e-01           515  |   2.28062378e+00           1  |   3.58542139e+00   515  |   1.34719673e+00         171  |   2.20470470e-02           1  |   1.90868091e+00         195  |   1.08407571e+00         128  |
|  102400  |   1.01734450e+00           531  |   3.27988241e+00           1  |   4.06969877e+00   531  |   1.45131057e+00         176  |   2.59139510e-02           1  |   2.10415528e+00         201  |   1.48284965e+00         131  |
|  108900  |   1.14138861e+00           547  |   3.14274608e+00           1  |   4.35611332e+00   547  |   1.56226898e+00         181  |   2.68505440e-02           1  |   2.22684331e+00         199  |   1.29326957e+00         134  |
|  115600  |   1.36983504e+00           563  |   3.09759884e+00           1  |   4.54140956e+00   563  |   1.75706811e+00         187  |   2.71479820e-02           1  |   2.58414626e+00         203  |   1.39149206e+00         135  |
|  122500  |   1.29625079e+00           579  |   3.44437522e+00           1  |   5.01082640e+00   579  |   2.00122295e+00         192  |   3.33715500e-02           1  |   2.65948172e+00         209  |   1.63781055e+00         138  |
|  129600  |   1.33400147e+00           596  |   3.63721012e+00           1  |   5.28694570e+00   596  |   2.03343766e+00         197  |   3.46003110e-02           1  |   2.61663968e+00         200  |   1.63296532e+00         140  |
|  136900  |   1.55140824e+00           611  |   5.43366145e+00           1  |   7.45077368e+00   611  |   2.17762381e+00         202  |   3.06181250e-02           1  |   3.10268311e+00         205  |   1.67764778e+00         142  |
|  144400  |   1.65671150e+00           627  |   4.90922114e+00           1  |   6.57769079e+00   627  |   2.45329867e+00         208  |   3.67494730e-02           1  |   3.50702158e+00         210  |   1.81412376e+00         145  |
|  152100  |   1.77057602e+00           644  |   5.04445781e+00           1  |   7.12139290e+00   644  |   4.87807136e+00         213  |   7.80083740e-02           1  |   3.81173195e+00         215  |   3.22523323e+00         147  |
|  160000  |   3.66734014e+00           659  |   7.08778300e+00           1  |   9.98053667e+00   659  |   3.00408419e+00         218  |   4.17835470e-02           1  |   4.45334815e+00         220  |   2.96067673e+00         149  |
|  168100  |   3.81166119e+00           675  |   9.97163188e+00           1  |   1.20908278e+01   675  |   4.14143784e+00         223  |   4.83192680e-02           1  |   5.15471258e+00         225  |   3.36127292e+00         152  |
|  176400  |   3.18938822e+00           692  |   6.56529119e+00           1  |   1.01720014e+01   692  |   5.23193373e+00         229  |   5.07720100e-02           1  |   5.36707658e+00         230  |   3.53097173e+00         153  |
|  184900  |   3.00005246e+00           707  |   7.36976520e+00           1  |   1.03115125e+01   707  |   3.31583369e+00         234  |   4.35407330e-02           1  |   4.29742573e+00         236  |   2.86011837e+00         156  |
|  193600  |   2.59826003e+00           724  |   7.05975401e+00           1  |   1.05306275e+01   724  |   3.64771548e+00         239  |   4.44019060e-02           1  |   4.48579734e+00         241  |   3.02319239e+00         158  |
|  202500  |   2.77351437e+00           739  |   8.02871418e+00           1  |   1.16079961e+01   739  |   3.84718699e+00         244  |   4.93430290e-02           1  |   4.80338160e+00         246  |   3.13564607e+00         161  |
|  211600  |   3.04879180e+00           755  |   9.20471608e+00           1  |   1.28166865e+01   755  |   4.03476926e+00         249  |   5.06908820e-02           1  |   5.49900616e+00         251  |   3.25308737e+00         163  |
|  220900  |   4.19181449e+00           771  |   9.98307312e+00           1  |   1.26889400e+01   771  |   4.31338196e+00         255  |   5.14611020e-02           1  |   5.37449889e+00         256  |   3.52191242e+00         165  |
|  230400  |   4.58312508e+00           787  |   1.15759078e+01           1  |   1.55080443e+01   787  |   5.01615016e+00         260  |   5.22837210e-02           1  |   6.46597876e+00         262  |   3.66223144e+00         167  |
|  240100  |   4.75035337e+00           803  |   1.14583015e+01           1  |   1.54307846e+01   803  |   4.85474569e+00         265  |   5.57935220e-02           1  |   6.52957221e+00         267  |   3.81514097e+00         169  |
|  250000  |   5.21340376e+00           818  |   1.27966282e+01           1  |   1.77456991e+01   818  |   5.16266392e+00         270  |   5.67035870e-02           1  |   7.22973569e+00         272  |   3.97845291e+00         170  |


